# Created by Octave 5.2.0, Thu Jul 23 13:38:22 2020 GMT <unknown@ENRICO>
# name: a
# type: scalar
1


# name: b
# type: scalar
2


